[model]
num_layers = 10
layers = GCNConvMSG,GCNRelu,GCNConvMSG,GCNRelu,NodeLinear,EdgeLinear,GCNRelu,NodeLinear,EdgeLinear,GCNLogSoftmax
layer_shapes = 128,12,0,0,256,640,0,0,192,256,192,768,0,0,2,192,2,192,0,0

[features]
num_node_features = 5
node_features = m,pt,eta,phi,btag
num_node_mask = 4
node_mask = m,pt,eta,phi
num_edge_features = 4
edge_features = dpt,dr,deta,dphi
num_edge_mask = 4
edge_mask = dpt,dr,deta,dphi
scale = standardize

[scaler]
node_scale_min = 0.62060857,20.0,-2.4995117,-3.1415837,0.0010824203
node_scale_max = 432.17313,3893.0654,2.4995117,3.1415837,0.9995117
node_scale_mean = 13.717373076359248,98.03337467019047,-0.002745888030241829,-4.481559994330364e-06,0.5525142590277192
node_scale_std = 10.58819136574055,91.36370297721268,1.0554675782990282,1.816123314169241,0.42406181873769
edge_scale_min = -3866.545654296875,0.0,-4.99755859375,-3.1415913740741175
edge_scale_max = 3866.545654296875,5.852164781833368,4.99755859375,3.1415913740741175
edge_scale_mean = 0.0,1.9048100212711974,0.0,0.0
edge_scale_std = 119.51129542162381,1.0592678648921017,1.2385415452113975,1.7934225575795315